38033121
49702428
2295831
34710660
32754886
91152256
74677422
49791927
24311372
6740720
24433920
87322377
32012841
12829151
80304126
64335804
36354007
42035044
52040216
80316585
29654737
50705071
48948935
5640330
45425051
16469012
63749102
70074904
39180960
67959180
8131171
69123138
33951077
62873545
41462083
3366982
45231177
83764718
74137509
32268901
13604200
63224564
29762407
22610082
24094653
97809599
18144506
126218
96008713
37390589
17484499
68540058
79766336
77754944
59744639
95132338
57793869
62180201
21208154