46986414
75190122
48680970
9287078
6368038
70781052
89631139
14898066
97590747
88619463
8483333
78636495
41442341
56043446
77936940
63665875
89194033
25833572
7634581
19028307
78651105
96938777
82556058
36931229
64382839
50263751
46668237
11508758
66973070
3167573
50725996
43580269
17185260
82035781
7914843
90844184
31890399
98502113
6150044
91998119
60399954
48642904
87210505
82878489
3492538
76714458
22537443
61405855
78577570
18144506
83555666
57728570
14315573
54591086
41356845
4149689
1000000003
1000000002
1000020065