78010363
34124316
77585513
79575620
89111398
61370518
40737112
25551951
4929256
88753985
83104731
12538374
85520851
44330098
73125233
79473793
17559367
9748752
59575539
98777036
1000000002
5556499
10802915
84013237
10002346
47506081
69610924
68597372
31386180
94119480
71594310
12580477
72302403
55144522
18144506
79571449
4031928
19613556
45986603
70828912
68005187
73915051
56747793
31036355
44947065
98645731
41420027
44095762
97077563
83555666
53582587
26905245
82732705
49010598
77538567
61831093
93920745
1347977
74131780
45141844
71413901
48343627
21502796
91133740
66788016
79759861
40619825
5318639
64047146
19230407
7165085
14087893
71453557
34236961
61127349
24874630
56460688
98045062
43040603
30683373
6178850
25789292
83584898
27243130
6430659
73178098
37390589
60082869
59744639
59344077
62279055
29267084
98239899
38411870
37576645
54704216
38275183
36261276
94192409
66518841
15552258
73729209
46502013
24673894
50078509
79161790
21636650
53656677
87106146
72022087
11091375
49881766
79182538
13179332
35052053
69247929
78193831
78658564
40133511
88472456
78636495
53982768
49681811
18036057
2134346
63749102
53839837
42386471
83986578
40659562
46363422
51945556
70074904
51838385
14778250
90810762
16956455
70095154
59023523
85306040
78700060
77252217
85087012
93151201
20546916
39303359
61802346
78651105
51196174
37955049
60953118
83269557
17573739
70050374
44223284
23927545
59042331
12235475
95637655
41224658
7025445
4694209
94215860
62476815
51254277
12299841
12076263
33225925
41098335
53540729
13039848
28933734
33508719
46657337
26302522
65240384
45894482
52860176
43586926
21593977
47025270
16268841
1434352
3510565
2671330
11448373
16226786
88975532
87621407
18325492
71218746
29216198
83982270
33695750
31034919
30312361
3657444
14089428
7736719
14506878
15658249
95360850
97021916
45620686
47217354
66288028
40225398
97385276
57421866
55099248
19665973
53162898
89567993
68473226
14785765
15394083
86952477
26082117
25259669
29417188