11091375
69247929
6631034
43096270
31560081
93013676
34124316
78658564
66362965
31709826
88240808
40133511
45894482
88472456
8131171
18036057
43586926
79575620
47025270
90790253
7572887
16268841
40737112
2671330
22609617
68007326
78636495
70074904
4041838
88975532
15960641
65240384
42386471
16956455
83104731
18325492
44729197
71218746
70095154
85306040
63749102
55424270
12538374
99861526
15894048
85520851
81919143
85087012
48115277
93187568
18430390
4906301
66337215
58554959
61538782
39303359
64262809
26376390
3657444
40921744
33655493
78700060
13893596
83269557
49879995
95360850
97021916
59575539
14778250
5645210
33420078
96938777
8483333
20546916
61802346
33695750
15341821
66288028
40225398
78651105
59042331
4694209
79473793
19028307
96872283
19665973
42280216
64926005
85028288
55690251
7025445
58324930
41098335
15394083
97940434
84914462
40619741
14785765
97896503
62476815
56223084
2584136
65367484
25206027
52823314
1281505
38679204
74064212
55758589
86039057
12423762
45812361
66499018
64892035
36088082
33911264
21954587
19700943
82593786
18988391
10532969
61231400
42969214
66200210
1000000002
1000020065
1000000003
83764718
55144522
52097679
40619825
99597615
70046172
64047146
70828912
73915051
79571449
14087893
58577036
71453557
61127349
34016756
32022366
98045062
82828051
55713623
12923641
58775978
80921533
48712195
24874630
60399954
6178850
67196946
25789292
91580102
27863269
73048641
98867329
98645731
19578592
27243130
22346472
73178098
33904024
81000306
17418744
96864811
77622396
12607053
97077563
22359980
68540058
57882509
37576645
93382620
59744639
83133491
21597117
28649820
43250041
66742250
66526672
36361633
78211862
96008713
12117532
13955608
30643162
60306104
86871614
60406590
26905245
79852326
34815282
97151365
71272951
37390589
66518841
80987696
15552258
97168905
73729209
53656677
87106146
21636650
6799227
42671151
3129635
49514333
86778566
60080151
44046281
6691855
78474168