23635815
40133511
38742075
42364374
71413901
82108372
77491079
39168895
40320754
30914564
76909279
2671330
78636495
42386471
16956455
18325492
85306040
55424270
89222931
3370104
93130021
21074344
94689635
99861526
79409334
85087012
12398280
20586572
46508640
18430390
61802346
95943058
39303359
54040221
91596726
52035300
52319752
87685879
14089428
76203291
75081613
96235275
41113025
6061630
39180960
92826944
59797187
84847656
11232355
17266660
52430902
38041940
74976215
2525268
69695704
45041488
12435193
80925836
42463414
77135531
95090813
71759912
90508760
10321588
4694209
39037517
43426903
37792478
65422840
79337169
3603242
49680980
23927545
82199284
20474741
83957459
20351153
13521194
12235475
96930127
66816282
91438994
2137678
62950604
47013502
85682655
84747429
73625877
4611269
93830681
5237827
2584136
95905259
1371589
66499018
64892035
49374988
40921545
72429240
7914843
30464153
98225108
42969214
78663366
30608985
54635862
97396380
89362180
15767889
37984162
61318483
50896944
12467005
99733359
25727454
47506081
95992081
11411223
47805931
3989465
76372778
581014
12014404
48009503
74593218
57043117
95169481
66506689
51960178
80764541
75367227
68836428
72302403
70046172
86198326
70828912
82432018
19230407
73915051
95281259
55991637
81385346
37684215
31036355
2204140
4861205
10012614
28106077
98045062
82828051
12923641
36045450
37534148
1353770
6178850
4230620
62991886
99995595
35480699
45247637
32180819
44887817
92346415
25789292
95507060
91580102
25518020
66835946
98867329
84428023
78082039
27243130
67775894
60398723
53610653
89882100
88616795
73199638
36042825
96864811
83438826
23562407
42502956
54773234
52112003
88610708
97077563
22359980
68540058
57882509
41925941
31785398
80163754
98239899
3149764
59744639
83133491
29267084
66742250
12503902
96008713
77538567
4923662
60306104
93895605
34815282
82633308
23323812
59718521
37390589
91078716
54451023
97168905
73729209
17490535
43889633
16678947
87106146
32854013
21636650
89782713
3146695
25642998
11741041
75987257
44046281
78474168
44509898
71098407
63630268
23122036
25005816
51099515
88494120
14883228
50277973
87772572