77542832
13945283
16768387
62340868
39751093
51534754
87523462
39978267
39168895
56647086
25773409
39507162
59380081
52323207
53828396
76763417
2158562
95701283
54749427
50287060
99747800
22624373
23303072
18489208
68722455
11613567
41753322
88650530
84932271
98954375
88494899
96146814
69529567
20351153
45801022
72328962
6903857
43332022
81275309
2137678
98649372
47349310
43359262
95905259
20193924
56410040
79972330
5244497
49374988
40921545
8814959
9861795
8649148
61132951
44682448
80208158
5284653
4058065
83274244
67922702
4417407
30811116
54635862
6930746
79759861
56830749
83225447
65169794
22046459
70231910
56460688
47453433
25774450
34664411
43422537
37534148
98847704
52497105
59560625
70344351
38411870
90669991
62325062
74458486
31000575
18271561
77538567
42793609
89782713
85352446
11741041
49204190
75987257
73632127
22869904
71098407
63630268
94156050
6614221
86585274
21249921
80117527
38296564
31563350