82114013
74852097
340002
37745740
73130445
128454
36523152
62017867
9402966
35800511
62895219
98280324
34688023
61173621
97567736
34566435
60950180
96345188
23740893
69838592
96223501
22617205
58016954
95401059
21495657
58990362
84388461
20773176
57777714
2316682
60551528
96055137
23440231
59438930
95833645
2222683
58616392
85101097
21105106
57594700
84988419
10383554
57477163
83866861
19261966
56655675
82044279
19048328
45533023
81927732
18326736
44311445
71705144
17194258
43698897
70083592
6077601
43476205
79861914
5255013
32354768
78748366
5133471
31531170
7492674
911883
36415522
63804637
9298235
36693940
62681049
98076754
35561352
61965407
98954106
24348804
60743819
97232518
23626223
60621361
96015976
19505728
71279983
72664992
43658697
70043345
981540
48800175
58199906
84298614
86532744
39030163
70458081
98154550
25148255
56585883