Dark Revelation Volume 2
(TCG - English)

42941100	
79335209	
15734813	
42129512	
78613627	
14618326	
41006930	
77491079	
4896788	
40884383	
77379481	
3773196	
39168895	
16556849	
42541548	
75946257	
1434352	
47829960	
74823665	
218704	
47606319	
73001017	
9596126	
36584821	
72989439	
99050989	
62543393	
40320754	
52090844	
13944422	
9373534	
35762283	
61166988	
8251996	
34646691	
61044390	
4542651	
97439308	
33423043	
60912752	
96316857	
23701465	
69196160	
95194279	
22589918	
68073522	
95472621	
21466326	
58851034	
94256039	
20644748	
57139487	
83133491	
20522190	
56916805	
82301904	
43793530	
79182538	
16587243	
42071342	
78060096	
5464695	
41859700	
78243409	
4732017	
40737112	
42868711	
77121851	
3510565	
30914564	
76909279	
3493978	
39892082	
65287621	
2671330	
38670435	
65064143	
91559748	
26185991	
64306248	
37957847	
64342551	
90337190	
37721209	
63120904	
95614612	
22609617	
68007326	
95492061	
21887179	
57281778	
34370473	
60764581	
97169186	
23557835	
69542930	
96947648	
22431243	
22493811	
59820352	
95214051	
21219755	
58607704	
94192409	
21597117	
57585212	
84970821	
20374520	
56769674	
83258273	
19252988	
56647086	
39674352	
66073051	
2468169	
39552864	
65957473	
91345518	
38730226	
64734921	
91123920	
27618634	
63012333	
90407382	
26495087	
31812496	
53890795	
99284890	
25773409	
30190809	
52768103	
98162242	
84550200	
25551951	
51945556	
87340664	
24435369	
50823978	
83228073	
19612721	
55001420	
82005435	
18590133	
45985838	
81383947	
18378582	
44762290	
80161395	
98045062	
17655904	
43040603	
303660	
10035717	
56433456	
82828051	
19312169	
45311864	
82705573	
18190572	
44595286	
71983925	
17078030	
44472639	
70861343	
16255442	
43250041	
79649195	
6133894	
53776525	
27288416	
99171160	
26566878	
52550973	
89959682	
25343280	
51838385	
88236094	
24221739	
51616747	
87010442	
13409151	
50593156	
86988864	
13386503	
49771608	
85166216	
12160911	
48659020	
75043725	
11448373	
44436472	
70821187	
16226786	
43714890	
79109599	
6103294	
42598242	
78986941	
5371656	
31476755	
78864369	
4259068	
30653113	
67048711	
3136426	
30531525	
66926224	
2314238	
39719977	
5703682	
32298781	
78697395	
4081094	
31076103	
67464807	
4869446	
30353551	
66742250	
93747864	
39131963	
66526672	
92924317	
39019325	
65403020	