14898066
49003716
63977008
71625222
4335645
102380
89312388
73040500
19439119
46833854
72328962
8316661
45711266
71106375
8594079
44689688
70083723
7478431
33866130
70261145
6256844
32744558
65149697
1533292
38528901
64926005
90311614
37806313
3204467
30299166
76683171
2088870
12652643
98502113
35809262
39477584
65961683
2956282
38354937
65749035
70046172
71044499
97169186
48976825
76714458
94192409
36361633
28378427
29267084
77754944
14943837
47432275
87102774
50287060
9411399
16226786
46668237
40044918
28183605
54578613
81962318
13361027
59755122
86840720
12235475
49633574
85028288
11012887
48411996
84905691
11390349
47795344
73783043
10178757
46572756
73061465
9056100
45450218
72845813
8233522
35638627
11722335
47111934
74506079
74157028
25366484
900787
47395382
73483491
9888196
43434803
56747793
14087893
87910978
45809008
93217231
46502013
82732705
80604091
12607053