72992744
41230939
39507162
50939127
81306586
5438492
89252153
39180960
20546916
79473793
57238939
94622638
20127343
56511382
83500096
29905795
56399890
82888408
18282103
55277252
81661951
18060565
54455664
80549379
17948378
43332022
80727721
16111820
42110434
19605133
55099248
82498947
18482591
44877690
81275309
41517968
6150044
17760003
44155002
80159717
17548456
43932460
24094653
22046459
23171610
20065322
46480475
93016201
53567095
49010598
84290642
56209279
77625948
48343627
79109599
39191307
13945283
75434695
20586572
88264978
66378485
2377034
39761138
65156847
91554542
38049541
64034255
91438994
27827903
63211608
90616316
26704411
53199020
99594764
25988873
52977572
88361177
25866285
51254980
87649699
24644634
50032342
27527047
53921056
99916754
3366982
74711057
26304459
52709508
89194103
25682811
52687916
1845204
95286165
74848038
88190790
93895605
64697231
63356631
58921041