70781052
3019642
24508238
4906301
57421866
58551308
93013676
22567609
1995985
37970940
78636495
11662742
26701483
37195861
27769400
91731841
27126980
54620698
90019393
27004302
53408006
89893715
26381750
52786469
89770167
15169262
51554871
88958576
14047624
41431329
87836938
13220032
40619741
76614340
13108445
49597193
75991898
12986807
48370501
75779210
69279219
81439173
1264319
47658964
74657662
59616123
73729209
37390589
41777
37436476
23401839
57617178
54878498
41442341
14778250
74388798
37744402
59464593
76459806
66436257
21672573
59575539
88671720
67111213
93506862
39905966
66399675
92784374
29888389
65277087
91662792
28066831
54455435
91449144
27944249
54338958
26722601
53116300
85505315
22009013
58494728
84488827
11877465
57272170
40418351
43385557
70780151
84766279
10755984
46159582
83544697
19932396
80033124
67196946
46337945
82422049
18816758
89041555
71587526