62476815
51254277
29116732
29654737
37742478
80344569
23571046
68140974
73891874
61802346
92826944
47217354
51808422
43114901
89609515
16693254
42082363
78486968
15871676
41269771
78364470
14759024
40143123
77542832
3536537
40921545
72429240
8814959
35209994
5405694
71203602
64599569
8692301
84013237
34086406
581014
47579719
73964868
359563
36757171
55761792
3659803
72142276
9236985
35631584
98427577
13504844
72029628
8414337
35419032
80208158
16796157
43791861
79185500
15574615
42969214
18063928
45458027
44178886
99177923
64734090
36227804
81846636
17241370
44635489
70624184
17129783
43513897
70908596
16906241
42391240
79785958
5284653
42679662
78663366
4058065
31456110
77841719
4335427
30334522
66729231
3113836
39512984
5014629
48928529
11411223
66506689
2091298
38495396
65884091
91279700
38273745
64662453
74845897
90156158
27541267
53341729
99735427
63545861
90934570