60161788
96565487
23950192
69448290
95443805
22837504
68226653
95621257
21615956
53100061
90508760
26993374
53388413
89386122
25771826
52265835
88650530
15658249
51043243
88438982
14936691
50321796
27315304
53714009
80108118
26593852
68505803
4904812
30399511
67483216
93882364
30276969
66661678
92065772
29054481
65549080
92933195
28332833
54326448
91711547
23115241
50604950
96099959
23093604
59482302
85876417
22371016
58760121
85754829
11159464
57543573
84932271
10026986
47421985
83810690
19204398
27762803
54161401
80555116
16940215
53944920
89333528
16828633
52222372
89211486
15605085
41090784
88494899
14983497
41978142
77372241
13761956
4015554
76650663
3648368
45033006
71438011
8822710
44811425
71315423
7700132
33198837
70583986
6588580
33972299
69461394
19163116
45662855
72056560
8041569
45439263
11834972
47228077
84313685
10712320
47106439
73551138
19959742
46044841
72439556
9837195
45222299
71616908
8611007
34109611
71594310
3989465
39987164
76372778
2766877
39261576
65659181
1644289
38049934
64437633
91822647