97651498
24040093
60434101
97439806
23927545
59312550
36717258
62701967
99150062
25654671
61049315
98437424
24432029
51827737
93211836
20700531
56704140
82199284
29587993
55982698
82377606
28465301
54860010
81254059
17649753
54048462
80032567
16527176
43925870
89310929
73040500
19439119
46833854
72328962
8316661
45711266
71106375
8594079
44689688
70083723
7478431
33866130
70261145
6256844
32744558
65149697
1533292
38528901
64926005
90311614
37806313
3204467
30299166
76683171
2088870
39477584
65961683
2956282
38354937
65749035
28183605
54578613
81962318
13361027
59755122
86840720
12235475
49633574
85028288
11012887
48411996
84905691
11390349
47795344
73783043
10178757
46572756
73061465
9056100
45450218
72845813
8233522
35638627
11722335
47111934
74506079
900787
47395382
73483491
9888196
43114901
89609515
16693254
42082363
78486968
15871676
41269771
78364470
14759024
40143123
77542832
3536537
40921545
72429240
8814959
35209994
71203602
8692301
34086406
581014
47579719
73964868
359563
36757171
72142276
9236985
35631584
72029628
8414337
35419032