57238939
94622638
20127343
56511382
83500096
29905795
56399890
82888408
18282103
55277252
81661951
18060565
54455664
80549379
17948378
43332022
80727721
16111820
42110434
19605133
55099248
82498947
18482591
44877690
81275309
17760003
44155002
80159717
17548456
43932460
66378485
2377034
39761138
65156847
91554542
38049541
64034255
91438994
27827903
63211608
90616316
26704411
53199020
99594764
25988873
52977572
88361177
25866285
51254980
87649699
24644634
50032342
27527047
53921056
99916754
26304459
52709508
89194103
25682811
52687916
91731841
27126980
54620698
90019393
27004302
53408006
89893715
26381750
52786469
89770167
15169262
51554871
88958576
14047624
41431329
87836938
13220032
40619741
76614340
13108445
49597193
75991898
12986807
48370501
75779210
1264319
47658964
74657662
41777
37436476
81846636
17241370
44635489
70624184
17129783
43513897
70908596
16906241
42391240
79785958
5284653
42679662
78663366
4058065
31456110
77841719
4335427
30334522
66729231
3113836
39512984
2091298
38495396
65884091
91279700
38273745
90156158
27541267
63545861
90934570