67111213
93506862
39905966
66399675
92784374
29888389
65277087
91662792
28066831
54455435
91449144
27944249
54338958
90727556
26722601
53116300
85505315
22009013
58494728
84488827
11877465
57272170
84766279
10755984
46159582
83544697
19932396
46337945
82422049
18816758
76908448
2407147
38492752
75886890
1281505
38679204
74064212
168917
37557626
63942761
336369
36331074
62729173
99214782
35618486
62007535
94092230
21496848
67985943
93379652
20374351
56768355
93157004
29552709
55046718
92035412
28429121
55824220
81218874
27207573