

GBA-Code
21970285
17390179
43785278
89189982
16178681
16178681
42562690
79967395
15452043
41440148
78835747
4239451
41628550
77013169
3117804
40502912
76990617
3395226
39389320
75878039
2273734
38667773
65056481
1050186
37445295
4939890
30328508
77723643
3717252
30106950
66500065
2095764
35089369
61488417
8873112
34267821
60666820
97750534
33145233
60549248
96938986
22923081
69327790
95816395
22200403
58695102
94693857
21088856
57473560
94977269
20366274
20366274
56350972
56350972
83755611
83755611
29143726
56638325
56638325
56638325
82633039
18027138
55416843
81810441
18205590
44394295
81788994
17183908
43577607
80566312
16960351
43455065
79844764
15248873
42233477
78621186
5026221
41510920
77505534
4904633
30398342
77783947
3171055
39276790
76660409
2055403
39454112
58369990
84764038
20758643
57143342
83531441
20036055
56421754
82419869
19814508
14882493
40371092
76766706
3160805
93108839
73176465
10560119
72959823
9348522
45742626