15025844
41392891
87796900
70781052
32452818
46986414
6368038
28279543
91152256
40374923
13429800
90357090
13039848
66672569
16972957
48365709
36304921
41218256
47060154
37120512
91595718
53129443
84257639
93221206
46474915
66788016
4206964
83887306
19159413
83764718
17814387
4031928
87557188
13945283
50930991
86325596
13723605
49218300
85602018
12607053
46461247
50045299
59197169
54652250
77622396
51482758
44209392
80604091
89631139
76184692
15303296
6285791
5053103
67724379
30113682
91939608
1184620
1784619
31122090
68516705
63308047
89494469
41949033
75499502
97360116
45121025
4614116
98374133
19523799
24611934
50005633
97590747
26378150
73481154
10202894
81057959
21263083
81820689
17092736
24068492
54098121
86318356
7089711
17985575
43973174