27762803
54161401
80555116
16940215
53944920
89333528
16828633
52222372
89211486
15605085
41090784
88494899
14983497
41978142
77372241
13761956
4015554
76650663
3648368
45033006
71438011
8822710
44811425
71315423
7700132
33198837
70583986
6588580
33972299
69461394
97651498
24040093
60434101
97439806
23927545
59312550
36717258
62701967
99150062
25654671
61049315
98437424
24432029
51827737
93211836
20700531
56704140
82199284
29587993
55982698
82377606
28465301
54860010
81254059
17649753
54048462
80032567
16527176
43925870
89310929