73040500
19439119
46833854
72328962
8316661
45711266
71106375
8594079
44689688
70083723
7478431
33866130
70261145
6256844
32744558
65149697
1533292
38528901
64926005
90311614
37806313
3204467
30299166
76683171
2088870
39477584
65961683
2956282
38354937
65749035
28183605
54578613
81962318
13361027
59755122
86840720
12235475
49633574
85028288
11012887
48411996
84905691
11390349
47795344
73783043
10178757
46572756
73061465
9056100
45450218
72845813
8233522
35638627
11722335
47111934
74506079
900787
47395382
73483491
9888196