54455435
47658964
54620698
76614340
91449144
74657662
90019393
13108445
27944249
46159582
27004302
49597193
54338958
83544697
53408006
75991898
90727556
19932396
89893715
12986807
48370501
26722601
26381750
75779210
53116300
52786469
67111213
85505315
89770167
93506862
22009013
15169262
39905966
58494728
41777
51554871
66399675
84488827
37436476
88958576
92784374
11877465
46337945
14047624
29888389
57272170
82422049
41431329
65277087
84766279
18816758
87836938
91662792
10755984
91731841
13220032
28066831
1264319
27126980
40619741