76908448
2407147
38492752
75886890
1281505
38679204
74064212
168917
37557626
63942761
336369
36331074
62729173
99214782
35618486
62007535
94092230
21496848
67985943
93379652
20374351
56768355
93157004
29552709
55046718
92035412
28429121
55824220
81218874
27207573
19163116
45662855
72056560
8041569
45439263
11834972
47228077
84313685
10712320
47106439
73551138
19959742
46044841
72439556
9837195
45222299
71616908
8611007
34109611
71594310
3989465
39987164
76372778
2766877
39261576
65659181
1644289
38049934
64437633
91822647