43114901
89609515
16693254
42082363
78486968
15871676
41269771
78364470
14759024
40143123
77542832
3536537
40921545
72429240
8814959
35209994
71203602
8692301
34086406
581014
47579719
73964868
359563
36757171
72142276
9236985
35631584
72029628
8414337
35419032
80208158
16796157
43791861
79185500
15574615
42969214
18063928
45458027
81846636
17241370
44635489
70624184
17129783
43513897
70908596
16906241
42391240
79785958
5284653
42679662
78663366
4058065
31456110
77841719
4335427
30334522
66729231
3113836
39512984
66506689
2091298
38495396
65884091
91279700
38273745
64662453
90156158
27541267
63545861
90934570