38041941 
39972130 
40703223 
40844553 
41329459 
42671152 
42956964 
43140792 
44330099 
44689689 
46173680 
46173681 
47658965 
48115278 
48411997 
49808197 
51987572 
53855410 
53855411 
56051649 
56597273 
60406592 
60764582 
60764583 
62125439 
62543394 
63442605 
64382840 
65145614 
65810490 
66200211 
66661679 
67489920 
67922703 
67949764 
68815402 
69890968 
70391589 
70875956 
71645243 
72291079 
73915052 
73915053 
73915054 
73915055 
74440056 
74983882 
75524093 
75622825 
75732623 
82324106 
82340057 
82556059 
82994510 
83239740 
85771020 
85771021 
86801872 
86871615 
91512836 
93130022 
93224849 
93912846 
94973029 
97452818 