36472900
63977008
9365703
96182448
23571046
67270095
92676637
88559132
14943837
40348946
71971554
21159309
20932152
57421866
56286179
28859794
36643046
97268402
52840598
53855409
78922939
15310033
68120130
56410040
51855378
56897896
83295594
14017402
60800381
23693634
44508094
44508094
18013090
46195773
29071332
2322421
7841112
42810973
3429238
74860293
24696097
50091196
87259077
59771339
79068663
2295440
25231813
51630558
39701395
96363153
15629801
98427577
98273947
94634433
16674846
42079445
58120309
97021916
13821299
54343893
23770284
19665973
13708425
6903857
32391566
5780210
89127526
40583194
77087109
70902743
70902743
40529384
67030233
36407615
97489701
80321197
15576074
50215517
87614611
23008320
59593925
24566654
24673894
50078509
18634367
41197012
2986553
62379337
50164989
41160533
59042331
85431040
44125452
67441435
98884569
49674183
81146288
96470883
23087070
51852507
73580471
4290468
71645242
69584564
65079854
1073952
14730606
87046457
23440062
13438207
70391588
2009101
49003716
75498415
22835145
58820853
85215458
11613567
46710683
72714392
9109991
26775203
52869807
89258906
78564023
4068622
31053337
16516630
52900379
88305978
49460512
41902352
28190303
69031175
76913983
33236860
9012916
9012916
32441317
94681654
91351370
4168871
59839761
59616123
89040386
44028461
53519297
72278479
10875327
46263076
33537328
69931927
41181774
79798060
15187079
67987302
95453143
96907086
64187086
39967326
29934351
56339050
82340056
63468625
4545683
39648965
75733063
2137678
38522377
31930787
68140974
86997073
12986778
59371387
85775486
67328336
4081825
41475424
77864539
15394083
41788781
88283496
14677495
40666140
77060848
13455953
40844552
76348260
2333365
61777313
73417207
30604579
67098114
93483212
55154048
91148083
28643791
50433147
89914395
16308000
42793609
89782713
15286412
42671151
88069166
14464864
86827882
64910482
1315120
37300735
64898834
293542
36687247
90953320
62560742
98558751
24943456
51447164
97836203
11264180
58258899
3868277
40253382
76641981
88671720
42280216
78275321
78552773
5220687
23434538
74530899
8967776
69514125
7391448
43385557
70780151
32646477
95526884
2403771
39402797
25862681
25862681
25958491
27315304
39823987
66818682
86137485
33198837
2956282
25165047
68124775
93353691
98012938
35537860
67723438
32391631
5851097
4587638
65703851
45178472