21844576
58932615
84327329
20721928
89943723
57116033
98585345
6480253
79979666
59793705
86188410
89252153
32679370
17955766
89621922
43237273
85087012
54959865
80344569
17732278
40044918
37195861
80908502
4906301
69884162
58554959
95943058
50304345
26701483
89312388
75434695
62107981
51085303
98266377
95362816
9327502
5126490
30915572
15341821
33776734
42256406
35809262
61204971
47737087
83121692
10526791
25366484
81197327
29343734
52031567
14225239
55615891
81003500
55171412
81566151
28677304
48996569
85507811
5128859
41517968
78512663
17032740
60493189
22160245
21947653
58332301
13293158
50282757
86676862
49352945
86346643
74711057
68745629
31111109
45906428
25573054
61968753
97362768
63035430
19394153
27191436
67951831
29612557
20065322
74825788
213326
37318031
63703130
191749
78387742
42015635
1845204
47274077
47596607
55428811
94820406
12071500
48130397
11913700
75141056
1539051
25090294
76442616
22020907
44676200
71060915
26647858
22479888
55985014
84361420
10759529
36586443
74095602
81167171
19024706
43452193
37412656
26509612
41613948
77608643
13093792
40591390
28355718
54749427
17132130
55461064
80744121
81866673
9411399
56570271
83965310
93431862
39829561
36625827
41436536
88820235
76263644
75041269
89899996
22147147
53527835
45809008
72204747
74329404
35464895
99075257
62868900
15294090
43405287
8698851
9201964
32710364
32933942
68215963
95600067
69937550
21698716
7093411
79856792
95326659
60876124
35486099
72881007
8275702
34487429
10004783
47408488
96331676
47121070
7617253
63806265
70095154
26439287
3370104
3657444
74157028
1546123
64599569
37630732
3659803
77565204
85852291
88643579
25132288
22587018
8062132
72677437
30312361
12958919
48343627
75732622
78371393
4779091
31764700
92826944
24661486
32750510
71564252
93709215
79473793
52512994
14462257
65422840
97811903
55690251
43378048
18511384
18895832
38430673
81674782
54306223
33900648
30241314
16067089
70342110
93217231
44430454
90582719
48092532
94853057
83039729
64398890
90397998
69025477
31904181
95519486
27782503
63176202
24508238
29590752
5975022
41470137
78868776
4253484
77642288
38280762
92373006
79407975
25924653
96235275
59019082
95503687
58996430
57774843
7183277
57731460
2067935
27346636
98891840
24285858
27178262
35224440
2362787
27970830
27581098
6859683
46874015
84613836
21007444
28877100
96216229