34460851
44287299
74677422
26378150
68846917
88819587
48305365
49791927
14977074
3573512
48766543
64428736
53832650
80600490
63432835
89904598
54844990
49417509
89987208
40453765
71625222
20394040
77585513
3643300
51345461
21015833
79870141
78658564
66362965
423705
64335804
2460565
78706415
16222645
11021521
90790253
91512835
36262024
96561011
57046845
36354007
30860696
42035044
69933858
26376390
57902462
30707994
83602069
67300516
88264978
69488544
4722253
45231177
11901678
41462083
3366982
12580477
46130346
24094653
83764718
55144522
32268901
42703248
70828912
74137509
73915051
95281259
33767325
75417459
81439173
42534368
76895648
4206964
126218
68540058
21598948
7565547
29401950
55773067
96008713
37390589
76812113
34100324
12493482
12206212
52040216
47480070
55821894
10979723
91932350
27927359
54415063
52040216
75064463
71209500
80316585
68815132
90219263
18144506
81325903
29228529
75782277
12181376
712559
63224564
17653779
22359980
85742772
58621589
55608151
19252988
77778835
31709826
90980792
4335645
76052811
102380
99050989
62543393
40320754
21593977
99747800
65169794
21770260
95220856
42664989
98494543
76714458
77414722
44095762
21558682
65830223
93382620
54704216
55256016
1224927
37507488
26905245
66516792
94119974
67494157
51934376
37265642
46457856
42625254
13069066
75390004
45894482
94568601
65287621
2671330
38670435
83235263
90654356
79409334
63259351
36042004
80186010
16507828
22431243
84808313
83682725
10080320
47325505
23869735
11925569
58419204
42175079
79569173
6740720
87322377
3797883
24311372
49587396
33621868
73911410
81480460
50705071
46700124
26302522
82556058
41420027
66672569
20277860
29491031
56387350
19153634
89111398
77044671
23205979
53839837
71200730
34193084
57281778
63012333
26495087
70821187
22056710
23421244
55696885
3072077
17259470
70595331
34294855
63665875
5186893
31571902
68670547
62782218
54622031
2204140
4861205
4064256
31467372
66835946
60577362
97077563
3149764
80955168
67284908
51228280
97612389
25833572
25955164
62340868
98434877
94773007
30778711
63162310
99551425
64389297
97687912
2903036
34016756
70781052
11761845
91842653
16475472
37620434
66235877
6850209
33731070
79126789
6214884
32619583
78004197
5498296
60228941
93554166
93431518
74117290
61623148
33017655
29826127
24317029
50712728
99690140
3381441
3825890
47355498
99523325
3549275
46303688
25551951
84290642
70050374
87751584
36562627
32015116
38299233
83241722
59905358
3280747
62325062
5606466
80723580
99590524
11593137
93220472
79575620
85605684
41006930
53129443
19613556
5318639
32807846
27770341
14087893
60764581
67169062
38120068
98069388
1248895
53582587
94192409
53239672
50323155
30459350