46986414
6368038
91152256
90357090
15025844
28279543
13039848
41392891
87796900
70781052
5818798
99785935
39256679
11549357
25652259
90876561
64788463
40640057
95727991
78193831
75347539
38033121
71413901
49217579
72989439
40737112
92377303
50725996
88619463
87774234
16589042
65240384
1995985
74388798
37267041
52077741
73665146
72443568
41172955
86445415
13839120
50287060
14778250
44330098
77207191
5405694
30208479
98502113
13722870
62873545
6150044
4796100
53129443
12580477
66788016
24094653
72302403
83764718
55144522
72892473
19613556
5318639
95286165
79571449
24096228
87880531
63391643
35762283
69542930
55761792
2314238
87210505
13604200
87910978
28553439
25774450
36045450
76792184
99789342
75500286
81510157
67227834
60399954
75622824
93260132
40703222
27827272
89086566
3819470
98069388
44095762
18807108
49587034
1248895
60082869
81210420
59560625
7565547
62279055
50755