69140098
49064413
3573512
46821314
73216412
5600127
31709826
31987274
67371383
87303357
86281779
13676474
86569121
12953226
21888494
57882509
94377247
20765952
29549364
56948373
82432018
19827717
55226821
18605135
21598948
53582587
21770260
94163677
21558682
57953380
38480590
65475294
91869203
28358902
64752646
90147755
27132350
53530069
90925163
22419772
58818411
85802526
21297224
58696829
84080938
21175632
57579381
83968380
10352095
56747793
83746708
19230407
32541773
68049471
5434080
67105242
66989694
98456117
12883044
52121290
27671321
41855169
88240808
14644902
40133511
31829185
77527210
13522325
40916023
76305638
12800777
45894482
71283180
8687195
88472456
44072894
71466592
86099788
7565547
93599951
33950246
70344351
6733059
33737664
69122763
5616412
32015116
68400115
94212438
31893528
67287533
94772232
30170981
30606547
15866454
5494820
7165085
95286165
33550694
69954399
6343408
32437102
69832741
95220856
62279055