11682713
03557275
40941889
76436988
02830693
39229392
75214390
02618045
38007744
65591858
1586457
37984162
64379261
90764875
37168514
63257623
99641328
36046926
62434031
99429730
25824484
61318483
98707192
24101897
51196805
97584500
23979249
50474354
86868952
23857661
59251766
85646474
22134079
58139128
25524823
51912531
97317530
24701235
50896944
87294988
23689697
50074392
86062400
12467005
59951714
85346853
12744567
48739166
84124261
11522979
47017574
84401683
10406322
46895036
73289035
19684740
46772449
72167543
8561192
45950291
71345905
8339504
34834619
70222318
7617062
33611061
70000776
6595475
32999573
65384188
1372887
38777931
64161630
91650245
37055344
63049052
90434657
26822796
63227401
99311109
25700114
47077318
84472026
10860121
46955770
73359475
19748583
46132282
72537897
8522996
72520073
85255550
96470883
23087070
75673220
77797992
53981499
57996334
80208323
15458892