94766498
20154092
67559101
93543806
20032555
56427559
92821268
29216967
55204071
92609670
28194325
54582424
81587028
27971137
19012345
97896503
62476815
94656263
40817915
39695323
12423762
28990150
38973775
79850798
55550921
54366836
88120966
80764541
16259549
53244294
89642993
16037007
42421606
89516305
15914410
41309158
30741334
88754763
14152862
41147577
77631175
13030280
40424929
76419637
3814632
49202331
75797046
2191144
38180759
75574498
12533811
65393205
39399168
1969506
37364101
74852810
3492538
847915
37241623
63630268