34492631
60990740
89252157
96385345
23379054
81105204
55610595
69764158
96163807
22657402
59642500
81983656
95040215
21435914
58820923
84224627
21313376
57707471
83102080
20590784
46565218
8124921
44519536
70903634
7902349
33396948
8131171
85087012
69884162
15341821
14943837
89194033
67441435
74530899
32339440
55428242
91812341
28201945
41386308
10530913
45803070
7391448
88033975
34086406
37164373
48739166
72167543
12580477
14087893
46052429
81439173
94886282
74845897
96729612
98645731
29762407
33981008
47660516
48333324
45950291
82016179
36468556
83555666
57139487
94192409
17484499
71587526
84749824
29616929
57728570
90434926
89312388
2009101
69279219
97169186
98045062
78700060
99267150
48156348
89631139
44330098
55794644
34230233
8967776
44665365
33198837
2956282
50091196
53129443
97077563
58120309