92418590
39806198
5291803
32696942
68084557
4179255
67968069
4357063
30341772
72837335
8226374
34620088
71015787
7409792
8198620
34408491
60992105
6387204
33776843
69170557
6165656
32559361
69058960
95442074
31437713
68836428
94220427
21715135
67113830
1000000002
1000000001
1000000003
38033121
48686504
37742478
97268402
26082117
93717133
99365553
25460258
51858306
28637168
23693634
65676461
96381979
691925
25789292
27243130
96864811
57103969
77585513
71413901
70095154
78004197
23995346
64599569
72302403
32807846
44095762
53582587
81059524
73125233
4906301
65192027
12298909
9748752
37520316
75500286
29401950
63356631
20586572
57774843
92826944
33420078
71564252
44508094
69031175
76913983
5318639
53567095
33508719
24317029
23205979
9596126
72989439
21502796
94381039
11819616
423585
59616123