20292186
51865604
98263709
24658418
51043053
87047161
23536866
50920465
86325573
13313278
59708927
85103922
12697630
48086335
85080444
11475049
47863787
84268896
10753491
47741109
73136204
10530913
46925518
72913666
09418365
45803070
72291078
08696773
34680482
71175527
07573135
34968834
60953949
06351548
33746252
69230391
06625096
32623004
68018709
95403418
31801517
68396121
94380860
20785975
67173574
93568288
20563387
56051086
32446630
69840739
95239444
32224143
68618157
95113856
21501505
67556500
94950218
20349913
57734012
93238626
29223325
56611470
82016179
29400787
55599882
81994591
28388296
54773234
81171949
13166648
59650656
86049351
12444060
49838105
85827713
11221418
48716527
74100225
11109820
47594939
73988674
57690191
93085839
20579538
56574543
82962242
29357956
55742055
82140600
18235309
48531733
06901008
10389142
51852507
41493640
76543119
02648201
01426714
09024367
36029076

