23995346
89631139
45231177
46986414
6368038
12580477
66788016
4206964
24094653
28279543
13039848
74677422
72302403
9076207
54652250
7089711
83764718
8124921
44519536
70903634
7902349
33396948
66889139
25833572
70781052
76812113
12206212
28933734
11901678
90219263
25955164
62340868
98434877
31560081
88819587
71625222
26202165
40640057
95727991
94773007
31786629
11384280
54752875
5818798
81480460
41420027
77414722
3819470
19613556
41462083
53183600
40619825
65169794
93013676
64631466
16762927
70368879
5318639
42703248
74191942
41426869
22046459
38369349
65458948
91842653
62397231
15259703
97017120
23401839
60806437
95178994
22567609
95956346
57839750
84834865
57617178
83011277
56594520
82999629
19384334
45778932
81777047
44656491
13945283
72892473
97590747
17985575
43973174
79571449
93920745
73915051
26302522
26376390
37507488
86871614
34627841
80316585
29654737
28649820
17484499
54912977