44330098
77585513
27911549
49587034
1248895
60082869
97077563
22359980
48539234
36468556
81210420
71044499
70828912
78193831
98139712
23171610
96965364
59344077
85742772
3643300
27125110
63519819
83994646
79870141
78658564
423705
69140098
49064413
31709826
86569121
94377247
29549364
55226821
18605135
53582587
94163677
21558682
57953380
56747793
83746708
88240808
40133511
31829185
45894482
93599951
94212438
31893528
67287533
94772232
30170981
62279055
3078576
53982768
14531242
49681811
53046408
94568601
31553716
18036057
76862289
75745607
2134346
295517
31036355
29401950
79575620
83555666
40659562
76922029
38699854
14087893
37576645
90980792
4335645
76052811
24317029
62473983
25262697
85562745
47355498
78783370
54704216
102380
33508719
51452091
16589042
52077741
17444133
91512835
99785935
39256679
11549357
75347539
52040216
50287060
47297616
53347303
62873545
44910027
46668237
66973070