21844576
58932615
20721928
89943723
89252153
85087012
80344569
40044918
4906301
69884162
26701483
89312388
30915572
33776734
42256406
35809262
29343734
52031567
86346643
31111109
45906428
20065322
74825788
213326
37318031
63703130
191749
1845204
48130397
75141056
22020907
37412656
13093792
9411399
56570271
83965310
45809008
35464895
15294090
32710364
32933942
68215963
95600067
69937550
21698716
7093411
79856792
95326659
60876124
35486099
72881007
8275702
34487429
10004783
96331676
7617253
63806265
70095154
70095154
1546123
64599569
37630732
3659803
77565204
85852291
88643579
25132288
8062132
72677437
78371393
4779091
31764700
92826944
71564252
52512994
65422840
55690251
18511384
18895832
38430673
81674782
30241314
16067089
70342110
93217231
48092532
83039729
64398890
90397998
69025477
31904181
95519486
27782503
63176202
24508238
78868776
38280762
92373006
79407975
96235275
59019082
95503687
58996430
57774843
7183277
2067935
98891840
24285858
27178262
35224440
27970830
21007444
96216229