73779005
33823832 
69211541
96606246
22091345
65195959
91584698
27978707
64373401
90361010
27756115
53251824
99645428
99645428
26034577
52038272
89423971
25811989
51316684
88301393
14799437
51194046
87588741
1303850
40061558
86466163
13851202
49249907
25244515
52738610
88123329
15521027
51916032
88901771
14309486
40894584
87288189
13683298
40672993
76066541
12451640
49959355
75944053
12338068
48737767
74122412
1516510
47611119
74009824
494922
36898537
73887236
9272381
36776089
62161698
8559793
35544402
61948106
8437145
34822850
60226558
97211663
33609262
60004971
96598015
23587624
69982329
95376428
22765132
58169731
95254840
21648584
57047293
94432298
20426907
57815601
83319610
25704359
52198054
88197162
15582767
51976476
164710
36553319
62957424
9342162
35330871
62835876
98229575
9485511
61613388
2948263
39432962
75421661
1826676
38210374
64605089
1003028
37198732
63583431
36376145
