12822541
12822541
48210156
74605254
74605254
11609969
11609969
47198668
74583607
987311
46372010
73360025
73360025
9765723
9765723
46259438
46259438
72648577
72648577
8643186
8643186
90508760
90508760
23093604
23093604
51808422
87292536
87292536
78422252
78422252
42737833
42737833
5998840
5998840
31383545
31383545
52352005
52352005
63612442
63612442
4423206
35037880
35037880
13504844
13504844
91731841
91731841
27126980
27126980
54620698
54620698
76908448
76908448
90019393
90019393
19163116
19163116
81846636
81846636
27004302
27004302
76614340
76614340
13108445
13108445
49597193
49597193
67985943
67985943
71616908
71616908
93379652
93379652
8692301
8692301
39512984
1264319
71422989
71422989
72029628
72029628
78486968
78486968
41269771
41269771
78364470
78364470
70908596
70908596
78358521
73964868
2091298
2091298
38495396
4820694
4820694
74711057
3642509
27315304
98012938
77334267
50789693