93368494
39853199
65247798
92246806
28630501
65025250
91420254
27918963
54903668
90307777
27796375
53180020
99185129
26674724
52068432
89463537
25857246
52846880
88240999
14735698
51124303
87118301
14153016
40907115
86396750
13890468
49885567
86274272
12678870
48063985
75457624
11556339
95492061
4906301
28985331
8903700
34358408
77153811
4141820
30492798
66399675
29888389
63942761
45812361
47106439
27632240
21044178
5758500
68073522
54351224
48976825
46052429
96729612
88301833
25796442
15854426
57103969
51452091
5851097
78910579